53.59439697548718 -2.3936667819068433
53.50089149759676 -2.6493029958825374
53.55206631129467 -2.3396033367136173
53.54581096001892 -2.362129766896515
53.59330879138521 -2.2909576820130337
53.508344937550376 -2.3487340178247003
53.53367824453723 -2.7181285178837493
53.508343653576574 -2.3487119931641303
53.45861974020378 -2.6354090338611518
53.43238494971808 -2.527176891231121
53.529719716251776 -2.401601577612974
53.47511677051392 -2.594978124663163
53.57587751132127 -2.425665039120959
53.47502124561507 -2.594991402386082
53.50090433462424 -2.6493060564939297
53.530211503420276 -2.4236674867334305
53.471045019335484 -2.642041352823315
53.64332688016593 -2.3243218142606668
53.58961901262938 -2.2218553796556706
53.530194544263246 -2.423684666222865
53.61864793511321 -2.4263751269499303
53.545734212962365 -2.398264406492549
53.56070406102357 -2.7985233993099285
53.58987889829983 -2.2614922517113385
53.601146548223724 -2.3207343527017525
53.57591372515789 -2.425692889144548
53.577880886291744 -2.4383882539168997
53.494615317386405 -2.510164296912371
53.57727131098653 -2.5257791384442876
53.552042842552964 -2.339638166018058
53.577887072524305 -2.4383925467766105
53.53915884645735 -2.358636865049097
53.475003999072214 -2.595007131515197
53.55200222507084 -2.3396979133438878
53.55506907985703 -2.6410048714438057
53.59350228283573 -2.2905250982010847
53.5366065839579 -2.629627750973674
53.53915972816588 -2.3582530055085678
53.52969810755958 -2.401585683852268
53.56069724055494 -2.798602530692436
53.569597771004126 -2.3029417362832323
53.5236364208903 -2.314023253119008
53.52520989435352 -2.55353242391957
53.43242280942469 -2.526867452060733
53.47102322169501 -2.64204976148516
53.592899624321994 -2.5648852812476255
53.59713454352097 -2.2994502774125714
53.5520802101126 -2.339583373460185
53.47103601282903 -2.642044681818758
53.45881406895658 -2.6356803196805316
53.5457346396047 -2.398298215393425
53.53974360521819 -2.6313939150246832
53.52494671156688 -2.553997958252304
53.593331632137556 -2.290916442120005
53.539775825082614 -2.6315563051045765
53.52493960860415 -2.5539790103057642
53.57592035802797 -2.4256980905712093
53.54844806686658 -2.789737266977997
53.560702033571864 -2.7986385521434203
53.5772646639177 -2.5257781497643275
53.54580442007941 -2.362063308537632
53.54573440616945 -2.398287347341993
53.508334011428744 -2.3486895982905254
53.59698813748275 -2.2996243624406714
53.535207383955104 -2.7684345306022533
53.49462304279062 -2.510207499564281
53.58987928261129 -2.261480923736541
53.55377489156119 -2.4099826672007647
53.59376246293165 -2.4439528462958937
53.454078578047174 -2.5221444154217223
53.59700164202548 -2.2996155433597303
53.43246117123842 -2.526851520708779
53.52489965639207 -2.553871994580914
53.475117601023854 -2.5949918468314763
53.5937396335709 -2.443976780598595
53.56069599657485 -2.7986138300935384
53.524664417494584 -2.5537189886540927
53.553925918249305 -2.4100025431711556
53.549086679687846 -2.2901315044905366
53.45406195632378 -2.522163336399389
53.508339367180746 -2.348640789048571
53.50813886396068 -2.348507661505865
53.5853570696285 -2.664310120794424
53.5772847908585 -2.525779758860259
53.5296238631848 -2.401532180940593
53.54431959555367 -2.6814940335037813
53.525487244629275 -2.491580696841869
53.57594509942543 -2.4257167639869883
53.58962130061983 -2.22183333539265
53.49462829787201 -2.510239819723394
53.55511832791882 -2.6410065217985346
53.53976400800908 -2.6314962238074835
53.45864481713841 -2.6353923897723055
53.56956887948435 -2.302992567320178
53.57789598081117 -2.4384143872307122
53.53975034252031 -2.631428721170921
53.591211323108425 -2.421873698708682
53.474968288363726 -2.595012357016747
53.58435652702083 -2.454169594908281
53.535226952867156 -2.768424625184176
53.55504211981793 -2.6410038599970256
53.49461724970439 -2.5101748714847374
53.58969954650655 -2.2216137869251003
53.59704396198435 -2.2995856236419145
53.597050264279666 -2.299581437549634
53.56414064031549 -2.444059131470259
53.55498917906029 -2.6408862247261373
53.592982693181824 -2.5651862916640082
53.55200010459544 -2.3397166124997044
53.511737042219586 -2.327863401659627
53.525697533262274 -2.4910222948484413
53.49463400234744 -2.510272145288284
53.555144929256436 -2.641007376875563
53.55506242891561 -2.641004770878327
53.552065645923165 -2.3397741919926793
53.59114073649985 -2.4216778042757356
53.53974841063278 -2.631420091395597
53.591797801392595 -2.237781520114677
53.5083379941875 -2.348618462099592
53.45390849479538 -2.5220665815021794
53.50084096248566 -2.6492900120979628
53.55512497886014 -2.6410066223644924
53.53921850406108 -2.3584955317494978
53.54573201143115 -2.398196776030429
53.52970248091961 -2.4018355456332046
53.59180431285859 -2.237761463321258
53.52547981946546 -2.4916813741192536
53.6013030099006 -2.3204082296143773
53.47104051729678 -2.642042791362614
53.533652257669175 -2.718055356696841
53.55837298109273 -2.5179564998605226
53.597056388326465 -2.299576645805696
53.61865167665578 -2.42638453751392
53.589612411266984 -2.221925290564167
53.64340865567055 -2.324626480371381
53.454111914657744 -2.5221058216132923
53.57722351390094 -2.525774316342712
53.64335358318734 -2.3242857162595763
53.53514299566564 -2.768467161491351
53.5943817173649 -2.3933596292127914
53.618654876763685 -2.4263945473193607
53.55855851680669 -2.517662581567979
53.53036919205281 -2.4235064342000587
53.64335845477198 -2.3242790981037627
53.45410062291304 -2.522118633822727
53.553927819522634 -2.410024750318142
53.57793592435699 -2.4384292995679457
53.56070503537196 -2.798512094824591
53.49463593336829 -2.510283021322468
53.47515295221233 -2.5949866162641033
53.59303071187354 -2.5651438737527505
53.52364719221162 -2.313994674047804
53.5051682115702 -2.5214852282178213
53.53914734816012 -2.358664531761374
53.52548134815184 -2.4916593687159225
53.45406755659977 -2.522157080337917
53.533818943608274 -2.71765986844106
53.57784395419029 -2.4383609884104294
53.535233535108084 -2.7684214250364887
53.589610666759825 -2.2219450716151004
53.6583115659249 -2.317562474568493
53.58961194250108 -2.221935711952257
53.575895797463616 -2.4256791169503535
53.51172443799078 -2.327870843974643
53.55861051866768 -2.517526747719196
53.544252480203646 -2.681504726129326
53.58436683070178 -2.45415460016877
53.539240050244345 -2.3584442599339885
53.59436030611796 -2.3932834329952346
53.59063831911463 -2.420648210196321
53.59435755211908 -2.3932735866906887
53.55836961369616 -2.5179661201753873
53.593336146063336 -2.290908314630297
53.57721003469282 -2.5257735449101735
53.53087392081487 -2.672462784966174
53.53088474358574 -2.6437725939376895
53.500854066691005 -2.6492935290567132
53.539251638824865 -2.3584164429735517
53.539790879914946 -2.6316330331180136
53.55838070325006 -2.517937573212682
53.54580364589049 -2.362051832404038
53.47503970827946 -2.595002207314229
53.53923606693702 -2.358453732421138
53.4892245190457 -2.4999215083174255
53.552008004524815 -2.3396884506511615
53.59297682682179 -2.5651913502000157
53.54581009412579 -2.362118893635765
53.454073248073286 -2.522150524213414
53.47502171885652 -2.595004667528963
53.577893257095525 -2.438397292708687
53.548448216387996 -2.7897146306388914
53.47213896046476 -2.6421701082415967
53.553926689901225 -2.4100134185971553
53.52547905325902 -2.4916928293285
53.54912358974896 -2.290033655092267
53.618640727053034 -2.4263547968521966
53.552003805617964 -2.339711057505886
53.57780272001077 -2.4383303557843905
53.51168248077769 -2.3278967579169447
53.5943634176505 -2.3932938869751985
53.593048582723185 -2.5651282484767797
53.51167599848356 -2.327900628466708
53.45866429592712 -2.6353804814934287
53.585372880485565 -2.664327891529929
53.5521042894781 -2.3397132213326204
53.59370182467936 -2.444016572840196
53.59113832183651 -2.4216998373992418
53.552055894075096 -2.339789811253409
53.643337344842664 -2.324307675928341
53.605969670455465 -2.838505611864538
53.56955809006396 -2.3027810914556723
53.53941322833679 -2.631437283277628
53.589622400513655 -2.2218218598181787
53.530890205622995 -2.6437431075356055
53.59115022121072 -2.421588008181696
53.58961744930005 -2.2218744063113527
53.55198954381965 -2.33973222526552
53.471967412313234 -2.641810616848592
53.56949141953446 -2.3026300690054753
53.59438446936872 -2.393370079861987
53.494500411001795 -2.5100878518135064
53.508337487453836 -2.348607300101813
53.591820593762286 -2.2377101882370605
53.56957339500576 -2.3029841436742897
53.539785892399536 -2.6316073066703436
53.64334835126054 -2.3242926341726022
53.47515221083104 -2.594973045997215
53.55837670669855 -2.5179471858423836
53.50089425520747 -2.648894636857474
53.593313304578444 -2.290949856694427
53.58988171767282 -2.261436070596285
53.53015990421839 -2.4237197722495685
53.458651308465804 -2.635388721538032
53.593684589177805 -2.44403482449941
53.50523857213309 -2.521427894393978
53.59334544502806 -2.290891457174265
53.47478594503795 -2.5950233649403307
53.575871416119305 -2.4256602961749496
53.5778747921541 -2.4383833578942764
53.593605170095834 -2.4440246240368664
53.59334995821696 -2.290883631841827
53.593317819609496 -2.290941275968267
53.5397555114243 -2.6314541484859646
53.508344160300446 -2.348723155164736
53.454106223186706 -2.522112377749711
53.43240317612184 -2.5268760894400435
53.505238178662864 -2.5215180509697834
53.5116886925967 -2.3278931868633133
53.529692009819286 -2.401581402114977
53.50523802862621 -2.5215524250482924
53.55834352265644 -2.518034035387056
53.53511480177631 -2.768714093761837
53.569564005583686 -2.3030005354031147
53.525480404669004 -2.491670218498915
53.53020591100206 -2.4236730126907884
53.590932249329796 -2.4206449370139573
53.52492877893965 -2.553949605639421
53.57785614468206 -2.4383701763492076
53.536437243906754 -2.456359235432841
53.5052383747485 -2.5214731234456513
53.55513845807028 -2.6410072790274164
53.53925562077165 -2.358407423142313
53.4719630528033 -2.641818987703438
53.50091115472311 -2.6493081205892492
53.52971353065851 -2.4015966916085185
53.59115263638603 -2.421565823974208
53.577148044507325 -2.5256441001057595
53.53915486449326 -2.358645884838197
53.52361831556474 -2.314072140702635
53.508342967967344 -2.3487005281312583
53.53914327631226 -2.358673550785192
53.54573444539398 -2.3982755763637704
53.61865825770796 -2.426404256600146
53.544299440736886 -2.6814976333404243
53.52491883687742 -2.5539226260407992
53.584391240549465 -2.454117400921549
53.523621756073766 -2.3140626635240125
53.43240965952841 -2.5268734604155973
53.58988314023332 -2.26140208833315
53.52548818934484 -2.4915695453828963
53.51173056075429 -2.3278669706387682
53.558348601039135 -2.5180236811935135
53.54573133008899 -2.39818545102964
53.57593272980246 -2.42570712524243
53.49463207132557 -2.5102612692550808
53.55513180712895 -2.6410071784613063
53.47509961310213 -2.594994005745293
53.57794811484324 -2.4384384875464353
53.47107572793501 -2.642030668269975
53.59486366022313 -2.289483469136377
53.594375851844674 -2.39333932891045
53.47106248821711 -2.6420355905210156
53.49474856026136 -2.515725430626613
53.54416305077346 -2.681566671770218
53.52547810853197 -2.4917039807822583
53.53099592265426 -2.672601703248721
53.5052281345829 -2.521450985056212
53.5117179548698 -2.327875016112724
53.55835551886996 -2.518003688016096
53.535285598841035 -2.7686001051899796
53.55393292988146 -2.4100809508977377
53.59375659718032 -2.4439591303844774
53.54423898488774 -2.681506923854132
53.524922120472965 -2.5539317194029345
53.59304253518143 -2.56513360677848
53.552188904494045 -2.3398907981435344
53.50086089006667 -2.6492949901693796
53.56958691722816 -2.3028265972898923
53.50833868156467 -2.348629324017972
53.5391721523433 -2.3586058940025696
53.53088853907427 -2.643752134069522
53.55205065776534 -2.339797919865575
53.58439639066607 -2.4541103566799003
53.474986008898675 -2.595009742380272
53.55206085902288 -2.3397823042114636
53.59298865227549 -2.5651806300282036
53.526006527019376 -2.314894877107873
53.59172476410024 -2.2378078504061643
53.56955949120947 -2.3030085060564267
53.525484767515806 -2.4916147587252464
53.54911617252296 -2.290052922892064
53.545865139535316 -2.361869448598701
53.5397619854514 -2.631487743571475
53.59067531318117 -2.4203011055422925
53.64333193233356 -2.3243148949745938
53.57783777017124 -2.4383560914657014
53.53087785698399 -2.6724181916474006
53.577278141797635 -2.5257792232385805
53.50084742634833 -2.6492914677142547
53.56070326843906 -2.79853440527663
53.56082895395382 -2.79879976572779
53.548988431986594 -2.2903925372331106
53.552095684771764 -2.339578214648876
53.59703135625745 -2.299594449105668
53.596994260016764 -2.299620175086642
53.596969230213055 -2.299637071770367
53.47106672223852 -2.6420338466308753
53.535213966196324 -2.7684313304575516
53.43241632535411 -2.5268702315924427
53.6012672396348 -2.3204405989346957
53.585378509158865 -2.664334022144198
53.56078722476595 -2.7993411180203434
53.59114883306212 -2.4215993251010057
53.53087488238937 -2.672451636281176
53.5484488340137 -2.78959390014663
53.43242929349521 -2.5268646725281863
53.53087035602076 -2.672505272069272
53.529629781164175 -2.401536460962445
53.51279744375128 -2.297601156789708
53.555048950514525 -2.6410039632802667
53.558547967382175 -2.517254857924885
53.54573197372274 -2.3982080942781794
53.55199640400166 -2.339722016559302
53.593750912310256 -2.4439651141965855
53.4947417182835 -2.5157279100517163
53.548448606774166 -2.789628307383493
53.505237979927976 -2.5215635815473907
53.50523847344294 -2.5214505089198815
53.47498544802939 -2.5949960240275463
53.577203387623875 -2.5257725562325866
53.59115115835932 -2.4215771399997377
53.56413638229113 -2.4440681456738176
53.577785959464045 -2.438317344843409
53.494621111762875 -2.5101966235367854
53.511695833264895 -2.32768213126543
53.57779214403838 -2.438322090753119
53.589618182378395 -2.2218668566423827
53.523757846937 -2.3137865849203436
53.53016549663878 -2.423714246304337
53.57588093622948 -2.4260661884770167
53.474461664343075 -2.594981763572498
53.49461918073413 -2.5101857475102696
53.65826590079515 -2.3175305060310336
53.5911433330503 -2.42165516865526
53.524925404067815 -2.5539408127664758
53.5896233175583 -2.2218120450576344
53.58961377885223 -2.221914873890321
53.474783349542236 -2.594966980221466
53.544259319459016 -2.6815033269152737
53.577831583937304 -2.438351798616339
53.5970378394516 -2.2995898110058315
53.59115348525004 -2.421554501682074
53.54907916670055 -2.2901531864185243
53.54430610023809 -2.681496231235281
53.47107122265779 -2.6420327093681126
53.577929919547564 -2.4384245554873214
53.54844868052842 -2.7896171401224565
53.5843615889816 -2.4541620965753674
53.4710318678766 -2.642046577702655
53.53367461669848 -2.7181189514033868
53.52964861165046 -2.401549914655144
53.54861998782256 -2.789619424400345
53.55212835758544 -2.339657265620744
53.545835572872896 -2.398138288133167
53.59181760752943 -2.2377202936956633
53.59181444093099 -2.2377307002956677
53.59303666882365 -2.5651386653288886
53.585484922647275 -2.66438433230388
53.52965470837813 -2.401554498089006
53.53976724262656 -2.6315134740051835
53.59698183556454 -2.2996283974263205
53.61855635106892 -2.42644888370248
53.55209320539326 -2.3395650632622185
53.551993155390264 -2.339726518620764
53.585384047955095 -2.664340151350098
53.59300074522137 -2.5651703666741694
53.601261293713044 -2.320445691711367
53.64336837934099 -2.3242652581294707
53.61863387527583 -2.426335377401926
53.601256142572545 -2.320690756606049
53.55833861160398 -2.5180472598689194
53.549112554523624 -2.290062255557157
53.4749681389661 -2.595258842560272
53.596852200222926 -2.2995662853582144
53.474789966439936 -2.594937843965183
53.533648632543105 -2.7180453376521823
53.523643482457395 -2.314003998409037
53.54573211577564 -2.398219414214302
53.577230342720064 -2.525774854194277
53.51166987489112 -2.327904803373008
53.45861577110011 -2.635411685510292
53.55203124523013 -2.339828706278456
53.56069298362328 -2.7986477418400226
53.61863743706204 -2.4263447861469083
53.55207413427678 -2.3397603738398645
53.591141855547825 -2.421666333603873
53.53365543703689 -2.7180647647024174
53.45860738189447 -2.6354172832854816
53.53086852104066 -2.6725278725591344
53.5249067572748 -2.5538913949893893
53.57792337379528 -2.4384202588967456
53.47108446399487 -2.642027485836746
53.58535135107724 -2.6643039887765236
53.530880959468675 -2.6437909418842303
53.47509878034127 -2.594980735547064
53.55393378933585 -2.4100924309522522
53.57785005054364 -2.4383652803320577
53.590104535287914 -2.261231535918161
53.592994878148126 -2.565175576289139
53.577942018492664 -2.4384341956042785
53.564132126509264 -2.4440765559773046
53.589620201285705 -2.2218445088289136
53.5364966916727 -2.62946708878295
53.57593882500248 -2.4257118682020735
53.47478105651514 -2.594922050217201
53.53975357874162 -2.6314456695916255
53.58987794991016 -2.2615149065493414
53.54911988186899 -2.2900429871455374
53.3514100755951 -1.9846633674855236
53.5936902740514 -2.444028840706
53.577769913672284 -2.438477118479745
53.589882666047565 -2.261413415754452
53.57795429941253 -2.4384432334920922
53.58988192221545 -2.2614247415096265
53.43246783440694 -2.5268488939012688
53.59330400634085 -2.290966411962584
53.65821397994279 -2.317721983915373
53.53638902062985 -2.4563475513387094
53.58435146505961 -2.454177093239404
53.5915852684256 -2.237625773528487
53.5696022853739 -2.302933765615611
53.56416183325744 -2.444016022154172
53.53516211132413 -2.768457851413381
53.56960715927008 -2.302925797517801
53.474967817374335 -2.5949986399275278
53.5296362364042 -2.4015413495006452
53.47513523167836 -2.5949892309199445
53.52966089498703 -2.4015590823749653
53.55204560465143 -2.3398048224495795
53.52548665819316 -2.4915921541374733
53.5853624278336 -2.6643163982187708
53.544245823282935 -2.6815056755385043
53.56417034873693 -2.4439981446986367
53.55838779690187 -2.5179184879174583
53.552041086535816 -2.3398132386897794
53.53014862735613 -2.423731426654271
53.555055598219035 -2.6410046675949057
53.43245468783237 -2.526854149739692
53.535149486092706 -2.768464261453367
53.58449505186951 -2.4539528091072884
53.51417478414055 -2.5119005629705713
53.544312937772894 -2.681495133813931
53.47102736664749 -2.6420478656019517
53.52548571347549 -2.491603305595528
53.57721686550399 -2.5257736297033766
53.549083418279444 -2.290142046992493
53.548448756274965 -2.7896056710435038
53.43244820376212 -2.5268569292754743
53.52363986099902 -2.314013926765195
53.56069143271083 -2.798664621388617
53.530853740258436 -2.6434040165795762
53.5970626007401 -2.299572459074454
53.552108585130775 -2.3396882002065773
53.52968555407404 -2.401576664417088
53.558351702072144 -2.518013302830809
53.529679366451994 -2.401572381831563
53.59113953076685 -2.4216883676240264
53.505238078639536 -2.5215409670221565
53.53086737800679 -2.6725393200922793
53.53096765891138 -2.672193318505866
53.45865780379884 -2.6353843003254944
53.47107995952738 -2.642029376296427
53.552070101764755 -2.339597933354937
53.56416609071716 -2.4440071589146455
53.59334066072378 -2.2908998849763376
53.564267762655376 -2.443906765129817
53.58440145262313 -2.454102858332859
53.549090297692565 -2.2901221718370537
53.52490320683383 -2.553881694784342
53.58996420632618 -2.2614470041777666
53.575883426224564 -2.4256699312784376
53.594378874982674 -2.3933493288129353
53.500898499909624 -2.6493046104904563
53.529646336574466 -2.401531488503634
